,grade_median,grade_median_fitted,childcode,hhid,child_teachercode,child_schoolid1,english,urdu,math,student_sex,grade,teacher_rates_child_how_good_in_studies,child_studied_at_diff_school,teacher_sex,teacher_years_teaching,teacher_qualifications,teacher_training,salary_monthly_Rs,teacher_from_mauza,teacher_days_absent_last_mo,mauzaid,print_have,i_vis_have,own_agri_land_last_2_seasons
0,614.0,4879.912094844348,101001,99.0,10104,1,705.0,614.0,606.0,0,3,99.0,-1,1,2,2,1,1200.0,0,0,99.0,-1,-1,-1
1,624.0,4989.315754783939,101002,99.0,10104,1,713.0,624.0,595.0,0,3,99.0,-1,1,2,2,1,1200.0,0,0,99.0,-1,-1,-1
2,656.0,5343.774021298835,101003,99.0,10104,1,704.0,656.0,624.0,1,3,7.0,1,1,2,2,1,1200.0,0,0,99.0,-1,-1,-1
3,488.0,3560.526613056909,101004,99.0,10104,1,626.0,488.0,535.0,1,3,99.0,-1,1,2,2,1,1200.0,0,0,99.0,-1,-1,-1
4,581.0,4523.608755001886,101005,99.0,10104,1,777.0,581.0,585.0,0,3,9.0,1,1,2,2,1,1200.0,0,0,99.0,-1,-1,-1
5,588.0,4598.574115050677,101006,99.0,10104,1,658.0,588.0,507.0,0,3,5.0,0,1,2,2,1,1200.0,0,0,99.0,-1,-1,-1
6,579.0,4502.251576041571,101007,99.0,10104,1,659.0,579.0,583.0,1,3,99.0,-1,1,2,2,1,1200.0,0,0,99.0,-1,-1,-1
7,671.0,5512.174613902682,101008,99.0,10104,1,683.0,671.0,650.0,0,3,6.0,1,1,2,2,1,1200.0,0,0,99.0,-1,-1,-1
8,574.0,4448.97880783365,101009,99.0,10104,1,709.0,574.0,516.0,0,3,4.0,1,1,2,2,1,1200.0,0,0,99.0,-1,-1,-1
9,551.0,4206.15985815736,101010,62559.0,10104,1,708.0,551.0,627.0,1,3,2.0,1,1,2,2,1,1200.0,0,0,1.0,1,0,0
10,624.0,4989.315754783939,101011,99.0,10104,1,778.0,624.0,590.0,0,3,1.0,1,1,2,2,1,1200.0,0,0,99.0,-1,-1,-1
11,706.0,5910.547792733949,101012,99.0,10104,1,811.0,706.0,766.0,0,3,3.0,0,1,2,2,1,1200.0,0,0,99.0,-1,-1,-1
12,609.0,4825.457786707796,101013,99.0,10104,1,650.0,609.0,653.0,0,3,10.0,1,1,2,2,1,1200.0,0,0,99.0,-1,-1,-1
13,614.0,4879.912094844348,101014,99.0,10104,1,752.0,614.0,607.0,0,3,8.0,0,1,2,2,1,1200.0,0,0,99.0,-1,-1,-1
14,469.0,3371.6552731317574,102001,99.0,10205,2,469.0,526.0,329.0,1,3,5.0,1,1,2,1,3,8133.0,1,23,99.0,-1,-1,-1
15,443.0,3117.795645017136,102002,99.0,10205,2,443.0,561.0,579.0,1,3,99.0,-1,1,2,1,3,8133.0,1,23,99.0,-1,-1,-1
16,429.0,2983.3619572378234,102003,99.0,10205,2,441.0,429.0,124.0,1,3,3.0,1,1,2,1,3,8133.0,1,23,99.0,-1,-1,-1
18,429.0,2983.3619572378234,102005,62419.0,10205,2,429.0,547.0,576.0,1,3,7.0,1,1,2,1,3,8133.0,1,23,1.0,1,0,1
19,117.0,501.06550840742034,102006,99.0,10205,2,149.0,117.0,220.0,1,3,99.0,-1,1,2,1,3,8133.0,1,23,99.0,-1,-1,-1
20,555.0,4248.1230351298145,102007,62420.0,10205,2,555.0,571.0,497.0,1,3,8.0,1,1,2,1,3,8133.0,1,23,1.0,1,0,1
21,493.0,3610.690634149765,102008,99.0,10205,2,520.0,493.0,551.0,1,3,99.0,-1,1,2,1,3,8133.0,1,23,99.0,-1,-1,-1
22,211.0,1126.308558509276,102009,99.0,10205,2,422.0,211.0,463.0,1,3,6.0,1,1,2,1,3,8133.0,1,23,99.0,-1,-1,-1
23,408.0,2784.7655070346586,102010,99.0,10205,2,408.0,530.0,333.0,1,3,99.0,-1,1,2,1,3,8133.0,1,23,99.0,-1,-1,-1
24,227.0,1245.2085834992138,102011,99.0,10205,2,475.0,227.0,235.0,1,3,4.0,1,1,2,1,3,8133.0,1,23,99.0,-1,-1,-1
25,389.0,2608.3277794541896,102012,99.0,10205,2,389.0,499.0,540.0,1,3,99.0,-1,1,2,1,3,8133.0,1,23,99.0,-1,-1,-1
26,249.0,1413.832539218786,102013,99.0,10205,2,249.0,414.0,371.0,1,3,2.0,1,1,2,1,3,8133.0,1,23,99.0,-1,-1,-1
27,86.0,328.1845687568433,102014,99.0,10205,2,86.0,253.0,199.0,1,3,99.0,-1,1,2,1,3,8133.0,1,23,99.0,-1,-1,-1
28,293.0,1767.7176693266115,102015,99.0,10205,2,322.0,293.0,296.0,1,3,1.0,1,1,2,1,3,8133.0,1,23,99.0,-1,-1,-1
29,588.0,4598.574115050677,102016,99.0,10205,2,588.0,620.0,569.0,1,3,99.0,-1,1,2,1,3,8133.0,1,23,99.0,-1,-1,-1
30,512.0,3803.033997915684,102017,99.0,10205,2,512.0,565.0,399.0,1,3,9.0,1,1,2,1,3,8133.0,1,23,99.0,-1,-1,-1
31,552.0,4216.640057383134,102018,99.0,10205,2,554.0,552.0,441.0,1,3,99.0,-1,1,2,1,3,8133.0,1,23,99.0,-1,-1,-1
32,405.0,2756.699456669516,102019,99.0,10205,2,405.0,520.0,447.0,1,3,99.0,-1,1,2,1,3,8133.0,1,23,99.0,-1,-1,-1
33,500.0,3681.238717154063,102020,99.0,10205,2,500.0,675.0,532.0,1,3,10.0,1,1,2,1,3,8133.0,1,23,99.0,-1,-1,-1
34,494.0,3620.7462428857025,102021,99.0,10205,2,494.0,584.0,493.0,1,3,99.0,-1,1,2,1,3,8133.0,1,23,99.0,-1,-1,-1
35,213.0,1140.9931963460317,102022,99.0,10205,2,290.0,213.0,193.0,1,3,99.0,-1,1,2,1,3,8133.0,1,23,99.0,-1,-1,-1
36,617.0,4912.664075013017,102023,99.0,10205,2,617.0,642.0,619.0,1,3,99.0,-1,1,2,1,3,8133.0,1,23,99.0,-1,-1,-1
37,180.0,905.5122069227846,102024,99.0,10205,2,180.0,546.0,231.0,1,3,99.0,-1,1,2,1,3,8133.0,1,23,99.0,-1,-1,-1
38,360.0,2345.1920759378586,102025,99.0,10205,2,360.0,365.0,299.0,1,3,99.0,-1,1,2,1,3,8133.0,1,23,99.0,-1,-1,-1
39,327.0,2055.2470484097803,102026,99.0,10205,2,327.0,333.0,171.0,1,3,99.0,-1,1,2,1,3,8133.0,1,23,99.0,-1,-1,-1
40,566.0,4364.101438561306,102027,99.0,10205,2,566.0,673.0,591.0,1,3,99.0,-1,1,2,1,3,8133.0,1,23,99.0,-1,-1,-1
41,247.0,1398.2651704781968,102028,99.0,10205,2,407.0,247.0,323.0,1,3,99.0,-1,1,2,1,3,8133.0,1,23,99.0,-1,-1,-1
42,228.0,1252.7462936340064,102029,99.0,10205,2,230.0,228.0,171.0,1,3,99.0,-1,1,2,1,3,8133.0,1,23,99.0,-1,-1,-1
43,493.0,3610.690634149765,102030,99.0,10205,2,503.0,493.0,240.0,1,3,99.0,-1,1,2,1,3,8133.0,1,23,99.0,-1,-1,-1
44,559.0,4290.1989274555635,102031,99.0,10205,2,559.0,570.0,533.0,1,3,99.0,-1,1,2,1,3,8133.0,1,23,99.0,-1,-1,-1
45,360.0,2345.1920759378586,102032,99.0,10205,2,481.0,360.0,178.0,1,3,99.0,-1,1,2,1,3,8133.0,1,23,99.0,-1,-1,-1
46,516.0,3843.8703458140835,102033,99.0,10205,2,516.0,611.0,477.0,1,3,99.0,-1,1,2,1,3,8133.0,1,23,99.0,-1,-1,-1
47,547.0,4164.3099095676425,102034,99.0,10205,2,587.0,547.0,500.0,1,3,99.0,-1,1,2,1,3,8133.0,1,23,99.0,-1,-1,-1
48,473.0,3411.1851281182094,102035,99.0,10205,2,473.0,589.0,532.0,1,3,99.0,-1,1,2,1,3,8133.0,1,23,99.0,-1,-1,-1
49,429.0,2983.3619572378234,102036,99.0,10205,2,429.0,480.0,476.0,1,3,99.0,-1,1,2,1,3,8133.0,1,23,99.0,-1,-1,-1
50,365.0,2390.016239278776,102037,99.0,10205,2,390.0,365.0,254.0,1,3,99.0,-1,1,2,1,3,8133.0,1,23,99.0,-1,-1,-1
51,476.0,3440.9143347267927,102038,99.0,10205,2,476.0,536.0,529.0,1,3,99.0,-1,1,2,1,3,8133.0,1,23,99.0,-1,-1,-1
52,573.0,4438.344916224487,102039,99.0,10205,2,573.0,669.0,468.0,1,3,99.0,-1,1,2,1,3,8133.0,1,23,99.0,-1,-1,-1
53,629.0,5044.263438518734,102040,99.0,10205,2,629.0,675.0,597.0,1,3,99.0,-1,1,2,1,3,8133.0,1,23,99.0,-1,-1,-1
54,213.0,1140.9931963460317,102041,99.0,10205,2,236.0,213.0,49.0,1,3,99.0,-1,1,2,1,3,8133.0,1,23,99.0,-1,-1,-1
55,430.0,2992.910926902461,102042,99.0,10205,2,430.0,474.0,195.0,1,3,99.0,-1,1,2,1,3,8133.0,1,23,99.0,-1,-1,-1
56,771.0,6669.903733040745,103001,70385.0,10304,3,771.0,864.0,830.0,0,3,99.0,-1,0,2,1,3,5669.0,0,0,1.0,1,1,1
57,789.0,6884.524788111841,103002,62499.0,10304,3,793.0,789.0,900.0,0,3,5.0,1,0,2,1,3,5669.0,0,0,1.0,1,1,1
58,792.0,6920.473609908065,103003,56170.0,10304,3,792.0,901.0,863.0,0,3,99.0,-1,0,2,1,3,5669.0,0,0,30.0,1,0,0
59,778.0,6753.148313103871,103004,99.0,10304,3,778.0,822.0,797.0,0,3,6.0,0,0,2,1,3,5669.0,0,0,99.0,-1,-1,-1
60,718.0,6048.852845439925,103005,99.0,10304,3,718.0,792.0,775.0,0,3,99.0,-1,0,2,1,3,5669.0,0,0,99.0,-1,-1,-1
61,638.0,5143.579003842108,103006,99.0,10304,3,737.0,638.0,767.0,0,3,7.0,1,0,2,1,3,5669.0,0,0,99.0,-1,-1,-1
62,632.0,5077.310248746026,103007,99.0,10304,3,632.0,750.0,827.0,0,3,99.0,-1,0,2,1,3,5669.0,0,0,99.0,-1,-1,-1
63,629.0,5044.263438518734,103008,99.0,10304,3,685.0,629.0,736.0,0,3,4.0,1,0,2,1,3,5669.0,0,0,99.0,-1,-1,-1
64,689.0,5716.110921986346,103009,99.0,10304,3,773.0,689.0,835.0,0,3,99.0,-1,0,2,1,3,5669.0,0,0,99.0,-1,-1,-1
65,742.0,6328.043099787362,103010,99.0,10304,3,742.0,747.0,817.0,0,3,3.0,1,0,2,1,3,5669.0,0,0,99.0,-1,-1,-1
66,793.0,6932.467826806159,103011,99.0,10304,3,793.0,855.0,865.0,0,3,99.0,-1,0,2,1,3,5669.0,0,0,99.0,-1,-1,-1
67,769.0,6646.171076999442,103012,99.0,10304,3,769.0,778.0,826.0,0,3,8.0,1,0,2,1,3,5669.0,0,0,99.0,-1,-1,-1
68,701.0,5853.17757456498,103013,99.0,10304,3,701.0,770.0,830.0,0,3,99.0,-1,0,2,1,3,5669.0,0,0,99.0,-1,-1,-1
69,707.0,5922.040028553157,103014,99.0,10304,3,707.0,712.0,863.0,0,3,2.0,1,0,2,1,3,5669.0,0,0,99.0,-1,-1,-1
70,736.0,6257.925800353157,103015,99.0,10304,3,736.0,815.0,774.0,0,3,99.0,-1,0,2,1,3,5669.0,0,0,99.0,-1,-1,-1
71,781.0,6788.910133383798,103016,99.0,10304,3,781.0,783.0,810.0,0,3,9.0,1,0,2,1,3,5669.0,0,0,99.0,-1,-1,-1
72,680.0,5613.891614215577,103017,99.0,10304,3,781.0,680.0,785.0,0,3,99.0,-1,0,2,1,3,5669.0,0,0,99.0,-1,-1,-1
73,777.0,6741.239097458893,103018,99.0,10304,3,777.0,833.0,820.0,0,3,1.0,1,0,2,1,3,5669.0,0,0,99.0,-1,-1,-1
74,793.0,6932.467826806159,103019,99.0,10304,3,793.0,804.0,789.0,0,3,99.0,-1,0,2,1,3,5669.0,0,0,99.0,-1,-1,-1
75,689.0,5716.110921986346,103020,99.0,10304,3,703.0,689.0,632.0,0,3,10.0,1,0,2,1,3,5669.0,0,0,99.0,-1,-1,-1
76,758.0,6516.052918616403,103021,99.0,10304,3,766.0,758.0,789.0,0,3,99.0,-1,0,2,1,3,5669.0,0,0,99.0,-1,-1,-1
77,574.0,4448.97880783365,103022,99.0,10304,3,574.0,625.0,780.0,0,3,99.0,-1,0,2,1,3,5669.0,0,0,99.0,-1,-1,-1
78,758.0,6516.052918616403,103023,99.0,10304,3,758.0,784.0,846.0,0,3,99.0,-1,0,2,1,3,5669.0,0,0,99.0,-1,-1,-1
79,707.0,5922.040028553157,103024,99.0,10304,3,707.0,766.0,832.0,0,3,99.0,-1,0,2,1,3,5669.0,0,0,99.0,-1,-1,-1
80,621.0,4956.425632395669,103025,70723.0,10304,3,621.0,680.0,703.0,0,3,99.0,-1,0,2,1,3,5669.0,0,0,1.0,1,1,1
81,793.0,6932.467826806159,103026,99.0,10304,3,793.0,843.0,864.0,0,3,99.0,-1,0,2,1,3,5669.0,0,0,99.0,-1,-1,-1
82,711.0,5968.069433013669,103027,99.0,10304,3,711.0,773.0,817.0,0,3,99.0,-1,0,2,1,3,5669.0,0,0,99.0,-1,-1,-1
83,558.0,4279.669415140007,103028,99.0,10304,3,687.0,558.0,638.0,0,3,99.0,-1,0,2,1,3,5669.0,0,0,99.0,-1,-1,-1
84,653.0,5310.264506829488,103029,99.0,10304,3,653.0,662.0,607.0,0,3,99.0,-1,0,2,1,3,5669.0,0,0,99.0,-1,-1,-1
85,623.0,4978.345826838581,103030,99.0,10304,3,728.0,623.0,703.0,0,3,99.0,-1,0,2,1,3,5669.0,0,0,99.0,-1,-1,-1
87,711.0,5968.069433013669,103032,99.0,10304,3,711.0,719.0,875.0,0,3,99.0,-1,0,2,1,3,5669.0,0,0,99.0,-1,-1,-1
88,705.0,5899.061613774326,103033,99.0,10304,3,754.0,705.0,638.0,0,3,99.0,-1,0,2,1,3,5669.0,0,0,99.0,-1,-1,-1
89,550.0,4195.686735675718,104001,99.0,10404,4,550.0,596.0,573.0,1,3,9.0,0,1,1,1,2,1000.0,1,0,99.0,-1,-1,-1
90,538.0,4070.564215509372,104002,99.0,10404,4,538.0,702.0,648.0,0,3,8.0,0,1,1,1,2,1000.0,1,0,99.0,-1,-1,-1
91,300.0,1825.948488374409,104003,99.0,10404,4,300.0,433.0,347.0,0,3,7.0,0,1,1,1,2,1000.0,1,0,99.0,-1,-1,-1
92,690.0,5727.499449251449,104004,99.0,10404,4,690.0,764.0,604.0,0,3,10.0,0,1,1,1,2,1000.0,1,0,99.0,-1,-1,-1
93,387.0,2589.938647071604,104005,99.0,10404,4,387.0,439.0,218.0,1,3,3.0,0,1,1,1,2,1000.0,1,0,99.0,-1,-1,-1
94,147.0,685.6323789986135,104006,99.0,10404,4,162.0,147.0,367.0,0,3,6.0,0,1,1,1,2,1000.0,1,0,99.0,-1,-1,-1
95,213.0,1140.9931963460317,104007,99.0,10404,4,252.0,213.0,215.0,0,3,2.0,0,1,1,1,2,1000.0,1,0,99.0,-1,-1,-1
96,214.0,1148.3548125798977,104008,99.0,10404,4,462.0,214.0,521.0,0,3,5.0,0,1,1,1,2,1000.0,1,0,99.0,-1,-1,-1
98,596.0,4684.65630103339,105001,99.0,10502,5,596.0,613.0,521.0,0,3,9.0,0,1,1,2,2,800.0,1,0,99.0,-1,-1,-1
99,400.0,2710.0945968498536,105002,99.0,10502,5,422.0,400.0,398.0,0,3,4.0,0,1,1,2,2,800.0,1,0,99.0,-1,-1,-1
100,421.0,2907.269335086928,105003,99.0,10502,5,463.0,421.0,428.0,0,3,6.0,0,1,1,2,2,800.0,1,0,99.0,-1,-1,-1
101,530.0,3987.7230163127397,105004,99.0,10502,5,549.0,530.0,587.0,0,3,10.0,0,1,1,2,2,800.0,1,0,99.0,-1,-1,-1
102,227.0,1245.2085834992138,105005,99.0,10502,5,329.0,227.0,261.0,0,3,5.0,0,1,1,2,2,800.0,1,0,99.0,-1,-1,-1
