,grade_median,grade_median_fitted,childcode,child_teachercode,student_sex,english,math,urdu,grade,school_type,studied_at_same_school_as_last_year,teacher_sex,teacher_survey_absent_emergency,teacher_survey_absent_office_work,teacher_survey_absent_other_work,teacher_from_mauza,child_studied_at_diff_school,radio,television
0,620.0,5596.995809638737,101001,10103.0,0.0,716.0,620.0,611.0,4.0,5,5,0,0,0,1,1,0,1,0
1,725.0,6961.042323294722,101002,10103.0,0.0,743.0,725.0,637.0,4.0,5,5,0,1,0,0,1,0,1,1
2,630.0,5723.24084621351,101003,10103.0,1.0,726.0,630.0,645.0,4.0,5,5,1,0,0,0,1,0,1,1
3,538.0,4592.691236901337,101004,10103.0,1.0,580.0,538.0,592.0,4.0,5,5,0,0,0,0,1,0,1,1
4,650.0,5978.098714911721,101005,10103.0,0.0,728.0,650.0,704.0,4.0,5,5,0,0,0,0,1,0,1,1
5,462.0,3714.1562824242915,101006,10103.0,0.0,651.0,462.0,611.0,4.0,5,5,1,1,1,0,1,0,1,1
6,573.0,5014.486520386008,101007,10103.0,1.0,727.0,573.0,662.0,4.0,5,5,1,0,1,1,1,0,1,1
7,665.0,6171.284774999365,101008,10103.0,0.0,734.0,665.0,678.0,4.0,5,5,0,1,1,0,1,0,1,1
8,655.0,6042.301038906854,101009,10103.0,0.0,700.0,655.0,686.0,4.0,5,5,0,1,0,1,0,0,1,1
9,601.0,5359.339374336572,101010,10103.0,1.0,672.0,601.0,722.0,4.0,5,5,1,1,0,1,0,0,1,1
10,601.0,5359.339374336572,101010,10103.0,1.0,672.0,601.0,722.0,4.0,5,5,1,0,1,1,1,0,1,1
11,601.0,5359.339374336572,101010,10103.0,1.0,672.0,601.0,722.0,4.0,5,5,0,1,0,0,0,0,1,1
12,601.0,5359.339374336572,101010,10103.0,1.0,672.0,601.0,722.0,4.0,5,5,0,0,0,0,0,0,1,1
13,601.0,5359.339374336572,101010,10103.0,1.0,672.0,601.0,722.0,4.0,5,5,0,0,0,0,1,0,1,1
14,601.0,5359.339374336572,101010,10103.0,1.0,672.0,601.0,722.0,4.0,5,5,0,0,0,1,0,0,1,1
15,601.0,5359.339374336572,101010,10103.0,1.0,672.0,601.0,722.0,4.0,5,5,0,0,0,0,0,0,1,1
16,601.0,5359.339374336572,101010,10103.0,1.0,672.0,601.0,722.0,4.0,5,5,0,1,0,0,0,0,1,1
17,601.0,5359.339374336572,101010,10103.0,1.0,672.0,601.0,722.0,4.0,5,5,1,1,1,0,1,0,1,1
18,601.0,5359.339374336572,101010,10103.0,1.0,672.0,601.0,722.0,4.0,5,5,0,0,0,0,0,0,1,1
19,601.0,5359.339374336572,101010,10103.0,1.0,672.0,601.0,722.0,4.0,5,5,1,1,0,0,0,0,1,1
20,601.0,5359.339374336572,101010,10103.0,1.0,672.0,601.0,722.0,4.0,5,5,0,0,0,0,0,0,1,1
21,601.0,5359.339374336572,101010,10103.0,1.0,672.0,601.0,722.0,4.0,5,5,1,0,0,1,1,0,1,1
22,601.0,5359.339374336572,101010,10103.0,1.0,672.0,601.0,722.0,4.0,5,5,0,0,0,1,0,0,1,1
23,601.0,5359.339374336572,101010,10103.0,1.0,672.0,601.0,722.0,4.0,5,5,0,0,0,0,1,0,1,1
24,601.0,5359.339374336572,101010,10103.0,1.0,672.0,601.0,722.0,4.0,5,5,0,1,0,0,1,0,1,1
25,601.0,5359.339374336572,101010,10103.0,1.0,672.0,601.0,722.0,4.0,5,5,1,0,0,1,1,0,1,1
26,601.0,5359.339374336572,101010,10103.0,1.0,672.0,601.0,722.0,4.0,5,5,0,1,0,0,1,0,1,1
27,601.0,5359.339374336572,101010,10103.0,1.0,672.0,601.0,722.0,4.0,5,5,0,0,0,1,1,0,1,1
28,601.0,5359.339374336572,101010,10103.0,1.0,672.0,601.0,722.0,4.0,5,5,0,0,0,0,0,0,1,1
29,601.0,5359.339374336572,101010,10103.0,1.0,672.0,601.0,722.0,4.0,5,5,1,0,0,0,0,0,1,1
30,601.0,5359.339374336572,101010,10103.0,1.0,672.0,601.0,722.0,4.0,5,5,0,1,1,0,0,0,1,1
31,601.0,5359.339374336572,101010,10103.0,1.0,672.0,601.0,722.0,4.0,5,5,0,1,1,0,0,0,1,1
32,601.0,5359.339374336572,101010,10103.0,1.0,672.0,601.0,722.0,4.0,5,5,0,0,0,0,0,0,1,1
33,601.0,5359.339374336572,101010,10103.0,1.0,672.0,601.0,722.0,4.0,5,5,0,0,0,0,1,0,1,1
34,601.0,5359.339374336572,101010,10103.0,1.0,672.0,601.0,722.0,4.0,5,5,0,1,1,0,1,0,1,1
35,601.0,5359.339374336572,101010,10103.0,1.0,672.0,601.0,722.0,4.0,5,5,1,1,0,0,0,0,1,1
36,601.0,5359.339374336572,101010,10103.0,1.0,672.0,601.0,722.0,4.0,5,5,1,0,1,1,0,0,1,1
37,601.0,5359.339374336572,101010,10103.0,1.0,672.0,601.0,722.0,4.0,5,5,0,1,0,0,0,0,1,1
38,601.0,5359.339374336572,101010,10103.0,1.0,672.0,601.0,722.0,4.0,5,5,0,0,0,0,0,0,1,1
39,601.0,5359.339374336572,101010,10103.0,1.0,672.0,601.0,722.0,4.0,5,5,0,0,0,0,0,0,1,1
40,601.0,5359.339374336572,101010,10103.0,1.0,672.0,601.0,722.0,4.0,5,5,0,1,0,0,1,0,1,1
41,601.0,5359.339374336572,101010,10103.0,1.0,672.0,601.0,722.0,4.0,5,5,1,0,0,1,0,0,1,1
42,601.0,5359.339374336572,101010,10103.0,1.0,672.0,601.0,722.0,4.0,5,5,1,0,0,1,0,0,1,1
43,601.0,5359.339374336572,101010,10103.0,1.0,672.0,601.0,722.0,4.0,5,5,0,0,0,1,0,0,1,1
44,601.0,5359.339374336572,101010,10103.0,1.0,672.0,601.0,722.0,4.0,5,5,0,0,0,0,1,0,1,1
45,601.0,5359.339374336572,101010,10103.0,1.0,672.0,601.0,722.0,4.0,5,5,0,0,0,0,0,0,1,1
46,601.0,5359.339374336572,101010,10103.0,1.0,672.0,601.0,722.0,4.0,5,5,0,0,0,0,0,0,1,1
47,601.0,5359.339374336572,101010,10103.0,1.0,672.0,601.0,722.0,4.0,5,5,0,1,0,1,0,0,1,1
48,601.0,5359.339374336572,101010,10103.0,1.0,672.0,601.0,722.0,4.0,5,5,0,0,1,1,0,0,1,1
49,601.0,5359.339374336572,101010,10103.0,1.0,672.0,601.0,722.0,4.0,1,1,0,1,0,0,0,0,1,1
50,601.0,5359.339374336572,101010,10103.0,1.0,672.0,601.0,722.0,4.0,1,1,0,1,0,0,0,0,1,1
51,601.0,5359.339374336572,101010,10103.0,1.0,672.0,601.0,722.0,4.0,1,1,1,0,0,1,0,0,1,1
52,601.0,5359.339374336572,101010,10103.0,1.0,672.0,601.0,722.0,4.0,1,1,0,1,0,1,0,0,1,1
53,601.0,5359.339374336572,101010,10103.0,1.0,672.0,601.0,722.0,4.0,1,1,1,0,0,1,0,0,1,1
54,601.0,5359.339374336572,101010,10103.0,1.0,672.0,601.0,722.0,4.0,1,1,0,1,0,0,0,0,1,1
55,601.0,5359.339374336572,101010,10103.0,1.0,672.0,601.0,722.0,4.0,1,1,1,1,0,0,0,0,1,1
56,601.0,5359.339374336572,101010,10103.0,1.0,672.0,601.0,722.0,4.0,1,1,1,1,0,0,1,0,1,1
57,619.0,5584.4151488446605,101011,10103.0,0.0,772.0,619.0,653.0,4.0,5,5,0,1,0,0,0,0,1,0
58,719.0,6880.866172470661,101012,10103.0,0.0,792.0,719.0,754.0,4.0,5,5,0,0,0,1,1,1,1,1
59,607.0,5434.073677194881,101013,10103.0,0.0,607.0,651.0,659.0,4.0,5,5,1,0,0,1,0,0,1,1
60,653.0,6016.596860067529,101014,10103.0,0.0,653.0,745.0,659.0,4.0,5,5,0,0,0,0,1,1,1,1
61,666.0,6184.225407193049,101101,10103.0,0.0,746.0,666.0,696.0,4.0,5,5,0,1,0,0,1,1,1,1
62,597.0,5309.679336855718,101102,10103.0,0.0,696.0,597.0,624.0,4.0,5,5,0,0,1,0,0,1,1,0
63,472.0,3826.7110556330967,102001,10205.0,1.0,472.0,601.0,553.0,4.0,5,5,0,1,0,0,0,0,0,1
64,513.0,4297.920542007564,102002,10205.0,1.0,513.0,515.0,612.0,4.0,5,5,0,0,1,1,0,5,5,5
65,185.0,1036.6244113085002,102003,10205.0,1.0,296.0,185.0,406.0,4.0,5,5,1,0,0,1,0,0,1,0
66,409.0,3133.883590050975,102004,10205.0,1.0,409.0,461.0,541.0,4.0,5,5,1,1,0,0,1,5,5,5
67,490.0,4031.67855574807,102005,10205.0,1.0,490.0,567.0,647.0,4.0,5,5,1,0,0,1,0,0,1,1
68,490.0,4031.67855574807,102005,10205.0,1.0,490.0,567.0,647.0,4.0,5,5,0,1,0,0,0,0,1,1
69,490.0,4031.67855574807,102005,10205.0,1.0,490.0,567.0,647.0,4.0,5,5,0,1,0,0,0,0,1,1
70,490.0,4031.67855574807,102005,10205.0,1.0,490.0,567.0,647.0,4.0,5,5,0,1,0,0,1,0,1,1
71,490.0,4031.67855574807,102005,10205.0,1.0,490.0,567.0,647.0,4.0,5,5,1,0,0,1,1,0,1,1
72,490.0,4031.67855574807,102005,10205.0,1.0,490.0,567.0,647.0,4.0,5,5,1,0,0,1,0,0,1,1
73,490.0,4031.67855574807,102005,10205.0,1.0,490.0,567.0,647.0,4.0,5,5,1,0,0,0,1,0,1,1
74,490.0,4031.67855574807,102005,10205.0,1.0,490.0,567.0,647.0,4.0,5,5,0,0,0,0,1,0,1,1
75,490.0,4031.67855574807,102005,10205.0,1.0,490.0,567.0,647.0,4.0,5,5,0,0,0,0,1,0,1,1
76,490.0,4031.67855574807,102005,10205.0,1.0,490.0,567.0,647.0,4.0,5,5,0,0,0,0,0,0,1,1
77,490.0,4031.67855574807,102005,10205.0,1.0,490.0,567.0,647.0,4.0,5,5,0,1,0,0,1,0,1,1
78,490.0,4031.67855574807,102005,10205.0,1.0,490.0,567.0,647.0,4.0,5,5,0,0,0,1,1,0,1,1
79,490.0,4031.67855574807,102005,10205.0,1.0,490.0,567.0,647.0,4.0,5,5,0,0,0,1,0,0,1,1
80,490.0,4031.67855574807,102005,10205.0,1.0,490.0,567.0,647.0,4.0,5,5,1,0,0,1,0,0,1,1
81,490.0,4031.67855574807,102005,10205.0,1.0,490.0,567.0,647.0,4.0,5,5,0,0,0,0,1,0,1,1
82,490.0,4031.67855574807,102005,10205.0,1.0,490.0,567.0,647.0,4.0,5,5,1,0,0,1,1,0,1,1
83,490.0,4031.67855574807,102005,10205.0,1.0,490.0,567.0,647.0,4.0,0,1,1,1,0,0,0,0,1,1
84,490.0,4031.67855574807,102005,10205.0,1.0,490.0,567.0,647.0,4.0,0,1,1,0,0,0,1,0,1,1
85,490.0,4031.67855574807,102005,10205.0,1.0,490.0,567.0,647.0,4.0,0,1,0,0,0,0,0,0,1,1
86,490.0,4031.67855574807,102005,10205.0,1.0,490.0,567.0,647.0,4.0,0,1,0,1,0,0,0,0,1,1
87,490.0,4031.67855574807,102005,10205.0,1.0,490.0,567.0,647.0,4.0,0,1,0,0,0,1,0,0,1,1
88,490.0,4031.67855574807,102005,10205.0,1.0,490.0,567.0,647.0,4.0,0,1,0,1,0,1,0,0,1,1
89,490.0,4031.67855574807,102005,10205.0,1.0,490.0,567.0,647.0,4.0,0,1,1,0,0,1,1,0,1,1
90,490.0,4031.67855574807,102005,10205.0,1.0,490.0,567.0,647.0,4.0,0,1,0,0,0,0,1,0,1,1
91,490.0,4031.67855574807,102005,10205.0,1.0,490.0,567.0,647.0,4.0,0,1,1,0,0,0,1,0,1,1
92,490.0,4031.67855574807,102005,10205.0,1.0,490.0,567.0,647.0,4.0,0,1,0,0,0,0,0,0,1,1
93,490.0,4031.67855574807,102005,10205.0,1.0,490.0,567.0,647.0,4.0,0,1,0,0,0,1,0,0,1,1
94,490.0,4031.67855574807,102005,10205.0,1.0,490.0,567.0,647.0,4.0,0,1,0,1,0,0,1,0,1,1
95,490.0,4031.67855574807,102005,10205.0,1.0,490.0,567.0,647.0,4.0,0,1,0,0,0,0,0,0,1,1
96,490.0,4031.67855574807,102005,10205.0,1.0,490.0,567.0,647.0,4.0,0,1,1,0,0,0,1,0,1,1
97,490.0,4031.67855574807,102005,10205.0,1.0,490.0,567.0,647.0,4.0,0,1,0,1,0,0,0,0,1,1
98,490.0,4031.67855574807,102005,10205.0,1.0,490.0,567.0,647.0,4.0,0,1,0,0,0,0,1,0,1,1
99,490.0,4031.67855574807,102005,10205.0,1.0,490.0,567.0,647.0,4.0,1,1,0,0,1,0,0,0,1,1
