,grade_median,grade_median_fitted,childcode,child_teachercode,child_schoolid1,english,urdu,math,student_sex,grade,teacher_sex,salary_monthly_Rs,teacher_from_mauza,teacher_days_absent_last_mo,own_agri_land_last_2_seasons
0,614.0,4879.912094844348,101001,10104,1,705.0,614.0,606.0,1,3,0,1200.0,0,0,5
1,624.0,4989.315754783939,101002,10104,1,713.0,624.0,595.0,1,3,0,1200.0,0,0,5
2,656.0,5343.774021298835,101003,10104,1,704.0,656.0,624.0,0,3,0,1200.0,0,0,5
3,488.0,3560.526613056909,101004,10104,1,626.0,488.0,535.0,0,3,0,1200.0,0,0,5
4,581.0,4523.608755001886,101005,10104,1,777.0,581.0,585.0,1,3,0,1200.0,0,0,5
5,588.0,4598.574115050677,101006,10104,1,658.0,588.0,507.0,1,3,0,1200.0,0,0,5
6,579.0,4502.251576041571,101007,10104,1,659.0,579.0,583.0,0,3,0,1200.0,0,0,5
7,671.0,5512.174613902682,101008,10104,1,683.0,671.0,650.0,1,3,0,1200.0,0,0,5
8,574.0,4448.97880783365,101009,10104,1,709.0,574.0,516.0,1,3,0,1200.0,0,0,5
9,551.0,4206.15985815736,101010,10104,1,708.0,551.0,627.0,0,3,0,1200.0,0,0,1
10,624.0,4989.315754783939,101011,10104,1,778.0,624.0,590.0,1,3,0,1200.0,0,0,5
11,706.0,5910.547792733949,101012,10104,1,811.0,706.0,766.0,1,3,0,1200.0,0,0,5
12,609.0,4825.457786707796,101013,10104,1,650.0,609.0,653.0,1,3,0,1200.0,0,0,5
13,614.0,4879.912094844348,101014,10104,1,752.0,614.0,607.0,1,3,0,1200.0,0,0,5
14,469.0,3371.6552731317574,102001,10205,2,469.0,526.0,329.0,0,3,0,8133.0,1,23,5
15,443.0,3117.795645017136,102002,10205,2,443.0,561.0,579.0,0,3,0,8133.0,1,23,5
16,429.0,2983.3619572378234,102003,10205,2,441.0,429.0,124.0,0,3,0,8133.0,1,23,5
18,429.0,2983.3619572378234,102005,10205,2,429.0,547.0,576.0,0,3,0,8133.0,1,23,0
19,117.0,501.06550840742034,102006,10205,2,149.0,117.0,220.0,0,3,0,8133.0,1,23,5
20,555.0,4248.1230351298145,102007,10205,2,555.0,571.0,497.0,0,3,0,8133.0,1,23,0
21,493.0,3610.690634149765,102008,10205,2,520.0,493.0,551.0,0,3,0,8133.0,1,23,5
22,211.0,1126.308558509276,102009,10205,2,422.0,211.0,463.0,0,3,0,8133.0,1,23,5
23,408.0,2784.7655070346586,102010,10205,2,408.0,530.0,333.0,0,3,0,8133.0,1,23,5
24,227.0,1245.2085834992138,102011,10205,2,475.0,227.0,235.0,0,3,0,8133.0,1,23,5
25,389.0,2608.3277794541896,102012,10205,2,389.0,499.0,540.0,0,3,0,8133.0,1,23,5
26,249.0,1413.832539218786,102013,10205,2,249.0,414.0,371.0,0,3,0,8133.0,1,23,5
27,86.0,328.1845687568433,102014,10205,2,86.0,253.0,199.0,0,3,0,8133.0,1,23,5
28,293.0,1767.7176693266115,102015,10205,2,322.0,293.0,296.0,0,3,0,8133.0,1,23,5
29,588.0,4598.574115050677,102016,10205,2,588.0,620.0,569.0,0,3,0,8133.0,1,23,5
30,512.0,3803.033997915684,102017,10205,2,512.0,565.0,399.0,0,3,0,8133.0,1,23,5
31,552.0,4216.640057383134,102018,10205,2,554.0,552.0,441.0,0,3,0,8133.0,1,23,5
32,405.0,2756.699456669516,102019,10205,2,405.0,520.0,447.0,0,3,0,8133.0,1,23,5
33,500.0,3681.238717154063,102020,10205,2,500.0,675.0,532.0,0,3,0,8133.0,1,23,5
34,494.0,3620.7462428857025,102021,10205,2,494.0,584.0,493.0,0,3,0,8133.0,1,23,5
35,213.0,1140.9931963460317,102022,10205,2,290.0,213.0,193.0,0,3,0,8133.0,1,23,5
36,617.0,4912.664075013017,102023,10205,2,617.0,642.0,619.0,0,3,0,8133.0,1,23,5
37,180.0,905.5122069227846,102024,10205,2,180.0,546.0,231.0,0,3,0,8133.0,1,23,5
38,360.0,2345.1920759378586,102025,10205,2,360.0,365.0,299.0,0,3,0,8133.0,1,23,5
39,327.0,2055.2470484097803,102026,10205,2,327.0,333.0,171.0,0,3,0,8133.0,1,23,5
40,566.0,4364.101438561306,102027,10205,2,566.0,673.0,591.0,0,3,0,8133.0,1,23,5
41,247.0,1398.2651704781968,102028,10205,2,407.0,247.0,323.0,0,3,0,8133.0,1,23,5
42,228.0,1252.7462936340064,102029,10205,2,230.0,228.0,171.0,0,3,0,8133.0,1,23,5
43,493.0,3610.690634149765,102030,10205,2,503.0,493.0,240.0,0,3,0,8133.0,1,23,5
44,559.0,4290.1989274555635,102031,10205,2,559.0,570.0,533.0,0,3,0,8133.0,1,23,5
45,360.0,2345.1920759378586,102032,10205,2,481.0,360.0,178.0,0,3,0,8133.0,1,23,5
46,516.0,3843.8703458140835,102033,10205,2,516.0,611.0,477.0,0,3,0,8133.0,1,23,5
47,547.0,4164.3099095676425,102034,10205,2,587.0,547.0,500.0,0,3,0,8133.0,1,23,5
48,473.0,3411.1851281182094,102035,10205,2,473.0,589.0,532.0,0,3,0,8133.0,1,23,5
49,429.0,2983.3619572378234,102036,10205,2,429.0,480.0,476.0,0,3,0,8133.0,1,23,5
50,365.0,2390.016239278776,102037,10205,2,390.0,365.0,254.0,0,3,0,8133.0,1,23,5
51,476.0,3440.9143347267927,102038,10205,2,476.0,536.0,529.0,0,3,0,8133.0,1,23,5
52,573.0,4438.344916224487,102039,10205,2,573.0,669.0,468.0,0,3,0,8133.0,1,23,5
53,629.0,5044.263438518734,102040,10205,2,629.0,675.0,597.0,0,3,0,8133.0,1,23,5
54,213.0,1140.9931963460317,102041,10205,2,236.0,213.0,49.0,0,3,0,8133.0,1,23,5
55,430.0,2992.910926902461,102042,10205,2,430.0,474.0,195.0,0,3,0,8133.0,1,23,5
56,771.0,6669.903733040745,103001,10304,3,771.0,864.0,830.0,1,3,1,5669.0,0,0,0
57,789.0,6884.524788111841,103002,10304,3,793.0,789.0,900.0,1,3,1,5669.0,0,0,0
58,792.0,6920.473609908065,103003,10304,3,792.0,901.0,863.0,1,3,1,5669.0,0,0,1
59,778.0,6753.148313103871,103004,10304,3,778.0,822.0,797.0,1,3,1,5669.0,0,0,5
60,718.0,6048.852845439925,103005,10304,3,718.0,792.0,775.0,1,3,1,5669.0,0,0,5
61,638.0,5143.579003842108,103006,10304,3,737.0,638.0,767.0,1,3,1,5669.0,0,0,5
62,632.0,5077.310248746026,103007,10304,3,632.0,750.0,827.0,1,3,1,5669.0,0,0,5
63,629.0,5044.263438518734,103008,10304,3,685.0,629.0,736.0,1,3,1,5669.0,0,0,5
64,689.0,5716.110921986346,103009,10304,3,773.0,689.0,835.0,1,3,1,5669.0,0,0,5
65,742.0,6328.043099787362,103010,10304,3,742.0,747.0,817.0,1,3,1,5669.0,0,0,5
66,793.0,6932.467826806159,103011,10304,3,793.0,855.0,865.0,1,3,1,5669.0,0,0,5
67,769.0,6646.171076999442,103012,10304,3,769.0,778.0,826.0,1,3,1,5669.0,0,0,5
68,701.0,5853.17757456498,103013,10304,3,701.0,770.0,830.0,1,3,1,5669.0,0,0,5
69,707.0,5922.040028553157,103014,10304,3,707.0,712.0,863.0,1,3,1,5669.0,0,0,5
70,736.0,6257.925800353157,103015,10304,3,736.0,815.0,774.0,1,3,1,5669.0,0,0,5
71,781.0,6788.910133383798,103016,10304,3,781.0,783.0,810.0,1,3,1,5669.0,0,0,5
72,680.0,5613.891614215577,103017,10304,3,781.0,680.0,785.0,1,3,1,5669.0,0,0,5
73,777.0,6741.239097458893,103018,10304,3,777.0,833.0,820.0,1,3,1,5669.0,0,0,5
74,793.0,6932.467826806159,103019,10304,3,793.0,804.0,789.0,1,3,1,5669.0,0,0,5
75,689.0,5716.110921986346,103020,10304,3,703.0,689.0,632.0,1,3,1,5669.0,0,0,5
76,758.0,6516.052918616403,103021,10304,3,766.0,758.0,789.0,1,3,1,5669.0,0,0,5
77,574.0,4448.97880783365,103022,10304,3,574.0,625.0,780.0,1,3,1,5669.0,0,0,5
78,758.0,6516.052918616403,103023,10304,3,758.0,784.0,846.0,1,3,1,5669.0,0,0,5
79,707.0,5922.040028553157,103024,10304,3,707.0,766.0,832.0,1,3,1,5669.0,0,0,5
80,621.0,4956.425632395669,103025,10304,3,621.0,680.0,703.0,1,3,1,5669.0,0,0,0
81,793.0,6932.467826806159,103026,10304,3,793.0,843.0,864.0,1,3,1,5669.0,0,0,5
82,711.0,5968.069433013669,103027,10304,3,711.0,773.0,817.0,1,3,1,5669.0,0,0,5
83,558.0,4279.669415140007,103028,10304,3,687.0,558.0,638.0,1,3,1,5669.0,0,0,5
84,653.0,5310.264506829488,103029,10304,3,653.0,662.0,607.0,1,3,1,5669.0,0,0,5
85,623.0,4978.345826838581,103030,10304,3,728.0,623.0,703.0,1,3,1,5669.0,0,0,5
87,711.0,5968.069433013669,103032,10304,3,711.0,719.0,875.0,1,3,1,5669.0,0,0,5
88,705.0,5899.061613774326,103033,10304,3,754.0,705.0,638.0,1,3,1,5669.0,0,0,5
89,550.0,4195.686735675718,104001,10404,4,550.0,596.0,573.0,0,3,0,1000.0,1,0,5
90,538.0,4070.564215509372,104002,10404,4,538.0,702.0,648.0,1,3,0,1000.0,1,0,5
91,300.0,1825.948488374409,104003,10404,4,300.0,433.0,347.0,1,3,0,1000.0,1,0,5
92,690.0,5727.499449251449,104004,10404,4,690.0,764.0,604.0,1,3,0,1000.0,1,0,5
93,387.0,2589.938647071604,104005,10404,4,387.0,439.0,218.0,0,3,0,1000.0,1,0,5
94,147.0,685.6323789986135,104006,10404,4,162.0,147.0,367.0,1,3,0,1000.0,1,0,5
95,213.0,1140.9931963460317,104007,10404,4,252.0,213.0,215.0,1,3,0,1000.0,1,0,5
96,214.0,1148.3548125798977,104008,10404,4,462.0,214.0,521.0,1,3,0,1000.0,1,0,5
98,596.0,4684.65630103339,105001,10502,5,596.0,613.0,521.0,1,3,0,800.0,1,0,5
99,400.0,2710.0945968498536,105002,10502,5,422.0,400.0,398.0,1,3,0,800.0,1,0,5
100,421.0,2907.269335086928,105003,10502,5,463.0,421.0,428.0,1,3,0,800.0,1,0,5
101,530.0,3987.7230163127397,105004,10502,5,549.0,530.0,587.0,1,3,0,800.0,1,0,5
102,227.0,1245.2085834992138,105005,10502,5,329.0,227.0,261.0,1,3,0,800.0,1,0,5
